Quality: N-60
Mean value conversion coefficient: 1.5874705078397437
Std dev on hK: 4.440892098500626e-16
V.C% hK: 2.7974643160734152e-14
Mean Energy - Emean: 47.63300484905787, Std dev Emean: 7.105427357601002e-15, V.C%: 1.491702524356185e-14
Mean air kerma  - Kair mean: 2.230088322267651, Std dev Kair: 8.881784197001252e-16, V.C% Kair: 3.9827051280058123e-14

Kerma Medio - Valor medio: 2.230088322267651, Desviación estándar: 8.881784197001252e-16, ur%: 3.9827051280058123e-14

1st HVL mm Al- mean value: 5.858274705177063, std deviation mm Al: 1.7763568394002505e-15, ur%: [3.03221841e-14 3.03221841e-14 3.03221841e-14 3.03221841e-14 3.03221841e-14 3.03221841e-14 3.03221841e-14 3.03221841e-14 3.03221841e-14 3.03221841e-14 3.03221841e-14 3.03221841e-14 3.03221841e-14 3.03221841e-14 3.03221841e-14 3.03221841e-14 3.03221841e-14 3.03221841e-14 3.03221841e-14 3.03221841e-14 3.03221841e-14 3.03221841e-14 3.03221841e-14 3.03221841e-14 3.03221841e-14 3.03221841e-14 3.03221841e-14 3.03221841e-14 3.03221841e-14 3.03221841e-14 3.03221841e-14 3.03221841e-14 3.03221841e-14 3.03221841e-14 3.03221841e-14 3.03221841e-14 3.03221841e-14 3.03221841e-14 3.03221841e-14 3.03221841e-14 3.03221841e-14 3.03221841e-14 3.03221841e-14 3.03221841e-14 3.03221841e-14 3.03221841e-14 3.03221841e-14 3.03221841e-14 3.03221841e-14 3.03221841e-14 3.03221841e-14 3.03221841e-14 3.03221841e-14 3.03221841e-14 3.03221841e-14 3.03221841e-14 3.03221841e-14 3.03221841e-14 3.03221841e-14 3.03221841e-14 3.03221841e-14 3.03221841e-14 3.03221841e-14 3.03221841e-14 3.03221841e-14 3.03221841e-14 3.03221841e-14 3.03221841e-14 3.03221841e-14 3.03221841e-14 3.03221841e-14 3.03221841e-14 3.03221841e-14 3.03221841e-14 3.03221841e-14 3.03221841e-14 3.03221841e-14 3.03221841e-14 3.03221841e-14 3.03221841e-14 3.03221841e-14 3.03221841e-14 3.03221841e-14 3.03221841e-14 3.03221841e-14 3.03221841e-14 3.03221841e-14 3.03221841e-14 3.03221841e-14 3.03221841e-14 3.03221841e-14 3.03221841e-14 3.03221841e-14 3.03221841e-14 3.03221841e-14 3.03221841e-14 3.03221841e-14 3.03221841e-14 3.03221841e-14 3.03221841e-14]

2nd HVL mm Al- mean value: 6.196968255804021, std deviation mm Al: 8.881784197001252e-16, ur%: [1.43324668e-14 1.43324668e-14 1.43324668e-14 1.43324668e-14 1.43324668e-14 1.43324668e-14 1.43324668e-14 1.43324668e-14 1.43324668e-14 1.43324668e-14 1.43324668e-14 1.43324668e-14 1.43324668e-14 1.43324668e-14 1.43324668e-14 1.43324668e-14 1.43324668e-14 1.43324668e-14 1.43324668e-14 1.43324668e-14 1.43324668e-14 1.43324668e-14 1.43324668e-14 1.43324668e-14 1.43324668e-14 1.43324668e-14 1.43324668e-14 1.43324668e-14 1.43324668e-14 1.43324668e-14 1.43324668e-14 1.43324668e-14 1.43324668e-14 1.43324668e-14 1.43324668e-14 1.43324668e-14 1.43324668e-14 1.43324668e-14 1.43324668e-14 1.43324668e-14 1.43324668e-14 1.43324668e-14 1.43324668e-14 1.43324668e-14 1.43324668e-14 1.43324668e-14 1.43324668e-14 1.43324668e-14 1.43324668e-14 1.43324668e-14 1.43324668e-14 1.43324668e-14 1.43324668e-14 1.43324668e-14 1.43324668e-14 1.43324668e-14 1.43324668e-14 1.43324668e-14 1.43324668e-14 1.43324668e-14 1.43324668e-14 1.43324668e-14 1.43324668e-14 1.43324668e-14 1.43324668e-14 1.43324668e-14 1.43324668e-14 1.43324668e-14 1.43324668e-14 1.43324668e-14 1.43324668e-14 1.43324668e-14 1.43324668e-14 1.43324668e-14 1.43324668e-14 1.43324668e-14 1.43324668e-14 1.43324668e-14 1.43324668e-14 1.43324668e-14 1.43324668e-14 1.43324668e-14 1.43324668e-14 1.43324668e-14 1.43324668e-14 1.43324668e-14 1.43324668e-14 1.43324668e-14 1.43324668e-14 1.43324668e-14 1.43324668e-14 1.43324668e-14 1.43324668e-14 1.43324668e-14 1.43324668e-14 1.43324668e-14 1.43324668e-14 1.43324668e-14 1.43324668e-14 1.43324668e-14]

1st HVL mm Cu- mean value: 0.2323689604094435, std deviation mm Cu: 2.7755575615628914e-17, ur%: [1.19446141e-14 1.19446141e-14 1.19446141e-14 1.19446141e-14 1.19446141e-14 1.19446141e-14 1.19446141e-14 1.19446141e-14 1.19446141e-14 1.19446141e-14 1.19446141e-14 1.19446141e-14 1.19446141e-14 1.19446141e-14 1.19446141e-14 1.19446141e-14 1.19446141e-14 1.19446141e-14 1.19446141e-14 1.19446141e-14 1.19446141e-14 1.19446141e-14 1.19446141e-14 1.19446141e-14 1.19446141e-14 1.19446141e-14 1.19446141e-14 1.19446141e-14 1.19446141e-14 1.19446141e-14 1.19446141e-14 1.19446141e-14 1.19446141e-14 1.19446141e-14 1.19446141e-14 1.19446141e-14 1.19446141e-14 1.19446141e-14 1.19446141e-14 1.19446141e-14 1.19446141e-14 1.19446141e-14 1.19446141e-14 1.19446141e-14 1.19446141e-14 1.19446141e-14 1.19446141e-14 1.19446141e-14 1.19446141e-14 1.19446141e-14 1.19446141e-14 1.19446141e-14 1.19446141e-14 1.19446141e-14 1.19446141e-14 1.19446141e-14 1.19446141e-14 1.19446141e-14 1.19446141e-14 1.19446141e-14 1.19446141e-14 1.19446141e-14 1.19446141e-14 1.19446141e-14 1.19446141e-14 1.19446141e-14 1.19446141e-14 1.19446141e-14 1.19446141e-14 1.19446141e-14 1.19446141e-14 1.19446141e-14 1.19446141e-14 1.19446141e-14 1.19446141e-14 1.19446141e-14 1.19446141e-14 1.19446141e-14 1.19446141e-14 1.19446141e-14 1.19446141e-14 1.19446141e-14 1.19446141e-14 1.19446141e-14 1.19446141e-14 1.19446141e-14 1.19446141e-14 1.19446141e-14 1.19446141e-14 1.19446141e-14 1.19446141e-14 1.19446141e-14 1.19446141e-14 1.19446141e-14 1.19446141e-14 1.19446141e-14 1.19446141e-14 1.19446141e-14 1.19446141e-14 1.19446141e-14]

2nd HVL mm Cu- mean value: 0.2597893989000157, std deviation mm Cu: 5.551115123125783e-17, ur%: [2.13677507e-14 2.13677507e-14 2.13677507e-14 2.13677507e-14 2.13677507e-14 2.13677507e-14 2.13677507e-14 2.13677507e-14 2.13677507e-14 2.13677507e-14 2.13677507e-14 2.13677507e-14 2.13677507e-14 2.13677507e-14 2.13677507e-14 2.13677507e-14 2.13677507e-14 2.13677507e-14 2.13677507e-14 2.13677507e-14 2.13677507e-14 2.13677507e-14 2.13677507e-14 2.13677507e-14 2.13677507e-14 2.13677507e-14 2.13677507e-14 2.13677507e-14 2.13677507e-14 2.13677507e-14 2.13677507e-14 2.13677507e-14 2.13677507e-14 2.13677507e-14 2.13677507e-14 2.13677507e-14 2.13677507e-14 2.13677507e-14 2.13677507e-14 2.13677507e-14 2.13677507e-14 2.13677507e-14 2.13677507e-14 2.13677507e-14 2.13677507e-14 2.13677507e-14 2.13677507e-14 2.13677507e-14 2.13677507e-14 2.13677507e-14 2.13677507e-14 2.13677507e-14 2.13677507e-14 2.13677507e-14 2.13677507e-14 2.13677507e-14 2.13677507e-14 2.13677507e-14 2.13677507e-14 2.13677507e-14 2.13677507e-14 2.13677507e-14 2.13677507e-14 2.13677507e-14 2.13677507e-14 2.13677507e-14 2.13677507e-14 2.13677507e-14 2.13677507e-14 2.13677507e-14 2.13677507e-14 2.13677507e-14 2.13677507e-14 2.13677507e-14 2.13677507e-14 2.13677507e-14 2.13677507e-14 2.13677507e-14 2.13677507e-14 2.13677507e-14 2.13677507e-14 2.13677507e-14 2.13677507e-14 2.13677507e-14 2.13677507e-14 2.13677507e-14 2.13677507e-14 2.13677507e-14 2.13677507e-14 2.13677507e-14 2.13677507e-14 2.13677507e-14 2.13677507e-14 2.13677507e-14 2.13677507e-14 2.13677507e-14 2.13677507e-14 2.13677507e-14 2.13677507e-14 2.13677507e-14]

