Quality: H-60
angle: 0 deg
Mean value of conversion coeff: [1.29662224]
Std deviation: 0.007534222815492834
ur%(hK): 0.5757553493793431
Mean E keV: 37.90819993948962, std dev keV: 0.3374406748573003, ur%: 0.8901521976668235
Kerma Medio - Valor medio: 3.5581756871337125, Desviación estándar: 0.06723524586221882, ur%: 1.8895988218159108

1st HVL mm Al- mean value: 2.6550404584382994, std deviation mm Al: 0.08211944615083501, ur%: [3.11494573 2.94786146 3.05294306 3.17316902 3.0497701  3.15037574 3.18289174 3.11113914 3.22773054 3.20068271 3.18167331 3.00811903 3.22336185 2.96741561 3.15711563 3.12594778 3.01136474 3.19389631 3.1463136  3.07968841 3.02936298 3.2286935  3.06240145 3.25770597 3.01238699 2.99931707 3.02041422 3.08218867 3.00263326 2.92046854 2.90813395 2.95852322 3.00449107 3.13628281 3.11419905 3.08189877 3.03072668 3.00434707 3.1252203  3.05201498 2.93661704 3.21827699 3.16732878 3.07741463 2.98333711 3.0242606  3.21192179 2.9575431  2.96259717 3.11320801 3.06046779 3.13998236 3.12034037 2.98709409 3.24435626 3.11184691 3.02368347 2.97441888 3.31911733 3.22802923 3.04650908 3.17988839 3.09202291 3.0320451  3.16282136 2.97121494 3.19655281 3.14903283 3.2020549  3.10275163 3.27920148 3.0981693  3.0165671  3.1028225  3.00854632 3.09315171 3.27557563 2.95343282 3.24478268 3.25983023 3.19661096 3.14840622 3.10347884 3.07106292 3.02394497 3.14708986 3.03368881 3.1199903  3.02988674 3.07318093 2.99589101 3.17841457 3.12359419 2.97945828 3.16649139 3.22141587 2.96922522 3.11408015 2.97108302 3.25966739]

2nd HVL mm Al- mean value: 3.44633333709214, std deviation mm Al: 0.08352149575281238, ur%: [2.43188115 2.33706212 2.41465572 2.46927396 2.38243823 2.44111677 2.44681511 2.42440692 2.50670864 2.48577406 2.47385526 2.38644287 2.49070545 2.35071163 2.4694333  2.4534944  2.36562157 2.48710326 2.45012118 2.41233956 2.38869635 2.49916679 2.41795835 2.51558771 2.37259712 2.38413094 2.37326037 2.40693786 2.37701438 2.31525893 2.30234798 2.34385697 2.36509609 2.43501708 2.44562144 2.42097079 2.38354284 2.36290844 2.42826153 2.40164611 2.32808715 2.50502818 2.47812479 2.41751348 2.37295318 2.38944271 2.48837287 2.33757538 2.31627016 2.41538316 2.39787117 2.4435051  2.45114924 2.36967411 2.53308938 2.42417458 2.3807522  2.33668644 2.57462895 2.48571024 2.39749789 2.46559413 2.43686815 2.38030585 2.48560112 2.35736723 2.47743612 2.45047096 2.47824829 2.43734877 2.54712247 2.42891337 2.3697871  2.41715563 2.37096586 2.42539352 2.5469163  2.3433139  2.52699929 2.53161829 2.4808097  2.46304408 2.4214243  2.42009232 2.37586529 2.45759862 2.40003525 2.45415426 2.38967166 2.41148198 2.35526398 2.49507806 2.44452711 2.35466085 2.46448012 2.48835175 2.34995512 2.43995417 2.36641951 2.51809852]

1st HVL mm Cu- mean value: 0.08685313607593803, std deviation mm Cu: 0.003050848792904982, ur%: [3.54073208 3.32624505 3.46502353 3.61617322 3.45429588 3.58377976 3.622694   3.53458795 3.68751551 3.65160131 3.62702297 3.40686212 3.67900697 3.35185752 3.59757126 3.55798415 3.40611385 3.64411669 3.58103594 3.49559132 3.43198106 3.68700574 3.4766438  3.72414586 3.40887074 3.39624403 3.41823046 3.49724271 3.39856284 3.28957354 3.27242834 3.34008586 3.3979806  3.56615559 3.54267625 3.49995407 3.43255258 3.39734312 3.55188508 3.46106556 3.31119058 3.67607688 3.61125173 3.49398042 3.37520662 3.42634711 3.66529173 3.3374886  3.33864674 3.5350591  3.47006436 3.57217538 3.55098232 3.3788881  3.71220878 3.53537094 3.42374792 3.35685297 3.80761625 3.68346857 3.45377938 3.62320176 3.51512119 3.43325879 3.60758399 3.35776291 3.64513609 3.58423337 3.65162487 3.52766376 3.75566893 3.52050529 3.41302474 3.52343975 3.40409129 3.51391846 3.75135766 3.33400804 3.71152808 3.7298967  3.64588526 3.58615001 3.52505017 3.48716183 3.42289517 3.58343196 3.43945845 3.55132224 3.43280903 3.48776823 3.38593588 3.62768914 3.55338198 3.36677515 3.6074259  3.67623469 3.35383767 3.54139383 3.35959023 3.72690713]

2nd HVL mm Cu- mean value: 0.12191201819265313, std deviation mm Cu: 0.0036979627340516415, ur%: [3.0451809  2.900358   3.02628    3.10413593 2.96421875 3.05488732 3.05851348 3.03144243 3.16422136 3.12979659 3.11106737 2.98205974 3.13427567 2.92219    3.10810938 3.08442159 2.94062149 3.13399764 3.07330029 3.01543899 2.98129414 3.14941649 3.03038505 3.17464259 2.95405756 2.97978558 2.95332372 3.00426505 2.96509209 2.86434167 2.84210651 2.91100563 2.94123453 3.04632044 3.07189424 3.03165249 2.97101559 2.93699521 3.03578162 3.00109842 2.88553724 3.16299704 3.12257868 3.02596539 2.96180667 2.98409429 3.13237101 2.8988828  2.85590975 3.01345164 2.99174701 3.06184868 3.08118959 2.95449206 3.21123077 3.03083373 2.96723386 2.8929789  3.27459527 3.12368858 2.99433011 3.09551095 3.06016262 2.96427519 3.13805908 2.9343271  3.1147081  3.0733262  3.11497878 3.05854595 3.23057323 3.04322536 2.9474765  3.01934415 2.9518281  3.03755662 3.23092128 2.91115896 3.19948603 3.2049878  3.12116791 3.09777522 3.0274315  3.03247158 2.95755835 3.08752122 3.00235798 3.08719336 2.98307914 3.01522473 2.92417802 3.15280805 3.06762378 2.92703882 3.09639646 3.13015045 2.92030345 3.06099368 2.95207612 3.17901534]

Quality: H-60
angle: 15 deg
Mean value of conversion coeff: [1.29177304]
Std deviation: 0.007255084333627322
ur%(hK): 0.5566587112682242
Mean E keV: 37.90819993948962, std dev keV: 0.3374406748573003, ur%: 0.8901521976668235
Kerma Medio - Valor medio: 3.5581756871337125, Desviación estándar: 0.06723524586221882, ur%: 1.8895988218159108

1st HVL mm Al- mean value: 2.6550404584382994, std deviation mm Al: 0.08211944615083501, ur%: [3.11494573 2.94786146 3.05294306 3.17316902 3.0497701  3.15037574 3.18289174 3.11113914 3.22773054 3.20068271 3.18167331 3.00811903 3.22336185 2.96741561 3.15711563 3.12594778 3.01136474 3.19389631 3.1463136  3.07968841 3.02936298 3.2286935  3.06240145 3.25770597 3.01238699 2.99931707 3.02041422 3.08218867 3.00263326 2.92046854 2.90813395 2.95852322 3.00449107 3.13628281 3.11419905 3.08189877 3.03072668 3.00434707 3.1252203  3.05201498 2.93661704 3.21827699 3.16732878 3.07741463 2.98333711 3.0242606  3.21192179 2.9575431  2.96259717 3.11320801 3.06046779 3.13998236 3.12034037 2.98709409 3.24435626 3.11184691 3.02368347 2.97441888 3.31911733 3.22802923 3.04650908 3.17988839 3.09202291 3.0320451  3.16282136 2.97121494 3.19655281 3.14903283 3.2020549  3.10275163 3.27920148 3.0981693  3.0165671  3.1028225  3.00854632 3.09315171 3.27557563 2.95343282 3.24478268 3.25983023 3.19661096 3.14840622 3.10347884 3.07106292 3.02394497 3.14708986 3.03368881 3.1199903  3.02988674 3.07318093 2.99589101 3.17841457 3.12359419 2.97945828 3.16649139 3.22141587 2.96922522 3.11408015 2.97108302 3.25966739]

2nd HVL mm Al- mean value: 3.44633333709214, std deviation mm Al: 0.08352149575281238, ur%: [2.43188115 2.33706212 2.41465572 2.46927396 2.38243823 2.44111677 2.44681511 2.42440692 2.50670864 2.48577406 2.47385526 2.38644287 2.49070545 2.35071163 2.4694333  2.4534944  2.36562157 2.48710326 2.45012118 2.41233956 2.38869635 2.49916679 2.41795835 2.51558771 2.37259712 2.38413094 2.37326037 2.40693786 2.37701438 2.31525893 2.30234798 2.34385697 2.36509609 2.43501708 2.44562144 2.42097079 2.38354284 2.36290844 2.42826153 2.40164611 2.32808715 2.50502818 2.47812479 2.41751348 2.37295318 2.38944271 2.48837287 2.33757538 2.31627016 2.41538316 2.39787117 2.4435051  2.45114924 2.36967411 2.53308938 2.42417458 2.3807522  2.33668644 2.57462895 2.48571024 2.39749789 2.46559413 2.43686815 2.38030585 2.48560112 2.35736723 2.47743612 2.45047096 2.47824829 2.43734877 2.54712247 2.42891337 2.3697871  2.41715563 2.37096586 2.42539352 2.5469163  2.3433139  2.52699929 2.53161829 2.4808097  2.46304408 2.4214243  2.42009232 2.37586529 2.45759862 2.40003525 2.45415426 2.38967166 2.41148198 2.35526398 2.49507806 2.44452711 2.35466085 2.46448012 2.48835175 2.34995512 2.43995417 2.36641951 2.51809852]

1st HVL mm Cu- mean value: 0.08685313607593803, std deviation mm Cu: 0.003050848792904982, ur%: [3.54073208 3.32624505 3.46502353 3.61617322 3.45429588 3.58377976 3.622694   3.53458795 3.68751551 3.65160131 3.62702297 3.40686212 3.67900697 3.35185752 3.59757126 3.55798415 3.40611385 3.64411669 3.58103594 3.49559132 3.43198106 3.68700574 3.4766438  3.72414586 3.40887074 3.39624403 3.41823046 3.49724271 3.39856284 3.28957354 3.27242834 3.34008586 3.3979806  3.56615559 3.54267625 3.49995407 3.43255258 3.39734312 3.55188508 3.46106556 3.31119058 3.67607688 3.61125173 3.49398042 3.37520662 3.42634711 3.66529173 3.3374886  3.33864674 3.5350591  3.47006436 3.57217538 3.55098232 3.3788881  3.71220878 3.53537094 3.42374792 3.35685297 3.80761625 3.68346857 3.45377938 3.62320176 3.51512119 3.43325879 3.60758399 3.35776291 3.64513609 3.58423337 3.65162487 3.52766376 3.75566893 3.52050529 3.41302474 3.52343975 3.40409129 3.51391846 3.75135766 3.33400804 3.71152808 3.7298967  3.64588526 3.58615001 3.52505017 3.48716183 3.42289517 3.58343196 3.43945845 3.55132224 3.43280903 3.48776823 3.38593588 3.62768914 3.55338198 3.36677515 3.6074259  3.67623469 3.35383767 3.54139383 3.35959023 3.72690713]

2nd HVL mm Cu- mean value: 0.12191201819265313, std deviation mm Cu: 0.0036979627340516415, ur%: [3.0451809  2.900358   3.02628    3.10413593 2.96421875 3.05488732 3.05851348 3.03144243 3.16422136 3.12979659 3.11106737 2.98205974 3.13427567 2.92219    3.10810938 3.08442159 2.94062149 3.13399764 3.07330029 3.01543899 2.98129414 3.14941649 3.03038505 3.17464259 2.95405756 2.97978558 2.95332372 3.00426505 2.96509209 2.86434167 2.84210651 2.91100563 2.94123453 3.04632044 3.07189424 3.03165249 2.97101559 2.93699521 3.03578162 3.00109842 2.88553724 3.16299704 3.12257868 3.02596539 2.96180667 2.98409429 3.13237101 2.8988828  2.85590975 3.01345164 2.99174701 3.06184868 3.08118959 2.95449206 3.21123077 3.03083373 2.96723386 2.8929789  3.27459527 3.12368858 2.99433011 3.09551095 3.06016262 2.96427519 3.13805908 2.9343271  3.1147081  3.0733262  3.11497878 3.05854595 3.23057323 3.04322536 2.9474765  3.01934415 2.9518281  3.03755662 3.23092128 2.91115896 3.19948603 3.2049878  3.12116791 3.09777522 3.0274315  3.03247158 2.95755835 3.08752122 3.00235798 3.08719336 2.98307914 3.01522473 2.92417802 3.15280805 3.06762378 2.92703882 3.09639646 3.13015045 2.92030345 3.06099368 2.95207612 3.17901534]

Quality: H-60
angle: 30 deg
Mean value of conversion coeff: [1.26628699]
Std deviation: 0.006917497156905803
ur%(hK): 0.5415561019244871
Mean E keV: 37.90819993948962, std dev keV: 0.3374406748573003, ur%: 0.8901521976668235
Kerma Medio - Valor medio: 3.5581756871337125, Desviación estándar: 0.06723524586221882, ur%: 1.8895988218159108

1st HVL mm Al- mean value: 2.6550404584382994, std deviation mm Al: 0.08211944615083501, ur%: [3.11494573 2.94786146 3.05294306 3.17316902 3.0497701  3.15037574 3.18289174 3.11113914 3.22773054 3.20068271 3.18167331 3.00811903 3.22336185 2.96741561 3.15711563 3.12594778 3.01136474 3.19389631 3.1463136  3.07968841 3.02936298 3.2286935  3.06240145 3.25770597 3.01238699 2.99931707 3.02041422 3.08218867 3.00263326 2.92046854 2.90813395 2.95852322 3.00449107 3.13628281 3.11419905 3.08189877 3.03072668 3.00434707 3.1252203  3.05201498 2.93661704 3.21827699 3.16732878 3.07741463 2.98333711 3.0242606  3.21192179 2.9575431  2.96259717 3.11320801 3.06046779 3.13998236 3.12034037 2.98709409 3.24435626 3.11184691 3.02368347 2.97441888 3.31911733 3.22802923 3.04650908 3.17988839 3.09202291 3.0320451  3.16282136 2.97121494 3.19655281 3.14903283 3.2020549  3.10275163 3.27920148 3.0981693  3.0165671  3.1028225  3.00854632 3.09315171 3.27557563 2.95343282 3.24478268 3.25983023 3.19661096 3.14840622 3.10347884 3.07106292 3.02394497 3.14708986 3.03368881 3.1199903  3.02988674 3.07318093 2.99589101 3.17841457 3.12359419 2.97945828 3.16649139 3.22141587 2.96922522 3.11408015 2.97108302 3.25966739]

2nd HVL mm Al- mean value: 3.44633333709214, std deviation mm Al: 0.08352149575281238, ur%: [2.43188115 2.33706212 2.41465572 2.46927396 2.38243823 2.44111677 2.44681511 2.42440692 2.50670864 2.48577406 2.47385526 2.38644287 2.49070545 2.35071163 2.4694333  2.4534944  2.36562157 2.48710326 2.45012118 2.41233956 2.38869635 2.49916679 2.41795835 2.51558771 2.37259712 2.38413094 2.37326037 2.40693786 2.37701438 2.31525893 2.30234798 2.34385697 2.36509609 2.43501708 2.44562144 2.42097079 2.38354284 2.36290844 2.42826153 2.40164611 2.32808715 2.50502818 2.47812479 2.41751348 2.37295318 2.38944271 2.48837287 2.33757538 2.31627016 2.41538316 2.39787117 2.4435051  2.45114924 2.36967411 2.53308938 2.42417458 2.3807522  2.33668644 2.57462895 2.48571024 2.39749789 2.46559413 2.43686815 2.38030585 2.48560112 2.35736723 2.47743612 2.45047096 2.47824829 2.43734877 2.54712247 2.42891337 2.3697871  2.41715563 2.37096586 2.42539352 2.5469163  2.3433139  2.52699929 2.53161829 2.4808097  2.46304408 2.4214243  2.42009232 2.37586529 2.45759862 2.40003525 2.45415426 2.38967166 2.41148198 2.35526398 2.49507806 2.44452711 2.35466085 2.46448012 2.48835175 2.34995512 2.43995417 2.36641951 2.51809852]

1st HVL mm Cu- mean value: 0.08685313607593803, std deviation mm Cu: 0.003050848792904982, ur%: [3.54073208 3.32624505 3.46502353 3.61617322 3.45429588 3.58377976 3.622694   3.53458795 3.68751551 3.65160131 3.62702297 3.40686212 3.67900697 3.35185752 3.59757126 3.55798415 3.40611385 3.64411669 3.58103594 3.49559132 3.43198106 3.68700574 3.4766438  3.72414586 3.40887074 3.39624403 3.41823046 3.49724271 3.39856284 3.28957354 3.27242834 3.34008586 3.3979806  3.56615559 3.54267625 3.49995407 3.43255258 3.39734312 3.55188508 3.46106556 3.31119058 3.67607688 3.61125173 3.49398042 3.37520662 3.42634711 3.66529173 3.3374886  3.33864674 3.5350591  3.47006436 3.57217538 3.55098232 3.3788881  3.71220878 3.53537094 3.42374792 3.35685297 3.80761625 3.68346857 3.45377938 3.62320176 3.51512119 3.43325879 3.60758399 3.35776291 3.64513609 3.58423337 3.65162487 3.52766376 3.75566893 3.52050529 3.41302474 3.52343975 3.40409129 3.51391846 3.75135766 3.33400804 3.71152808 3.7298967  3.64588526 3.58615001 3.52505017 3.48716183 3.42289517 3.58343196 3.43945845 3.55132224 3.43280903 3.48776823 3.38593588 3.62768914 3.55338198 3.36677515 3.6074259  3.67623469 3.35383767 3.54139383 3.35959023 3.72690713]

2nd HVL mm Cu- mean value: 0.12191201819265313, std deviation mm Cu: 0.0036979627340516415, ur%: [3.0451809  2.900358   3.02628    3.10413593 2.96421875 3.05488732 3.05851348 3.03144243 3.16422136 3.12979659 3.11106737 2.98205974 3.13427567 2.92219    3.10810938 3.08442159 2.94062149 3.13399764 3.07330029 3.01543899 2.98129414 3.14941649 3.03038505 3.17464259 2.95405756 2.97978558 2.95332372 3.00426505 2.96509209 2.86434167 2.84210651 2.91100563 2.94123453 3.04632044 3.07189424 3.03165249 2.97101559 2.93699521 3.03578162 3.00109842 2.88553724 3.16299704 3.12257868 3.02596539 2.96180667 2.98409429 3.13237101 2.8988828  2.85590975 3.01345164 2.99174701 3.06184868 3.08118959 2.95449206 3.21123077 3.03083373 2.96723386 2.8929789  3.27459527 3.12368858 2.99433011 3.09551095 3.06016262 2.96427519 3.13805908 2.9343271  3.1147081  3.0733262  3.11497878 3.05854595 3.23057323 3.04322536 2.9474765  3.01934415 2.9518281  3.03755662 3.23092128 2.91115896 3.19948603 3.2049878  3.12116791 3.09777522 3.0274315  3.03247158 2.95755835 3.08752122 3.00235798 3.08719336 2.98307914 3.01522473 2.92417802 3.15280805 3.06762378 2.92703882 3.09639646 3.13015045 2.92030345 3.06099368 2.95207612 3.17901534]

Quality: H-60
angle: 45 deg
Mean value of conversion coeff: [1.22274893]
Std deviation: 0.005776969482044038
ur%(hK): 0.4689675134011132
Mean E keV: 37.90819993948962, std dev keV: 0.3374406748573003, ur%: 0.8901521976668235
Kerma Medio - Valor medio: 3.5581756871337125, Desviación estándar: 0.06723524586221882, ur%: 1.8895988218159108

1st HVL mm Al- mean value: 2.6550404584382994, std deviation mm Al: 0.08211944615083501, ur%: [3.11494573 2.94786146 3.05294306 3.17316902 3.0497701  3.15037574 3.18289174 3.11113914 3.22773054 3.20068271 3.18167331 3.00811903 3.22336185 2.96741561 3.15711563 3.12594778 3.01136474 3.19389631 3.1463136  3.07968841 3.02936298 3.2286935  3.06240145 3.25770597 3.01238699 2.99931707 3.02041422 3.08218867 3.00263326 2.92046854 2.90813395 2.95852322 3.00449107 3.13628281 3.11419905 3.08189877 3.03072668 3.00434707 3.1252203  3.05201498 2.93661704 3.21827699 3.16732878 3.07741463 2.98333711 3.0242606  3.21192179 2.9575431  2.96259717 3.11320801 3.06046779 3.13998236 3.12034037 2.98709409 3.24435626 3.11184691 3.02368347 2.97441888 3.31911733 3.22802923 3.04650908 3.17988839 3.09202291 3.0320451  3.16282136 2.97121494 3.19655281 3.14903283 3.2020549  3.10275163 3.27920148 3.0981693  3.0165671  3.1028225  3.00854632 3.09315171 3.27557563 2.95343282 3.24478268 3.25983023 3.19661096 3.14840622 3.10347884 3.07106292 3.02394497 3.14708986 3.03368881 3.1199903  3.02988674 3.07318093 2.99589101 3.17841457 3.12359419 2.97945828 3.16649139 3.22141587 2.96922522 3.11408015 2.97108302 3.25966739]

2nd HVL mm Al- mean value: 3.44633333709214, std deviation mm Al: 0.08352149575281238, ur%: [2.43188115 2.33706212 2.41465572 2.46927396 2.38243823 2.44111677 2.44681511 2.42440692 2.50670864 2.48577406 2.47385526 2.38644287 2.49070545 2.35071163 2.4694333  2.4534944  2.36562157 2.48710326 2.45012118 2.41233956 2.38869635 2.49916679 2.41795835 2.51558771 2.37259712 2.38413094 2.37326037 2.40693786 2.37701438 2.31525893 2.30234798 2.34385697 2.36509609 2.43501708 2.44562144 2.42097079 2.38354284 2.36290844 2.42826153 2.40164611 2.32808715 2.50502818 2.47812479 2.41751348 2.37295318 2.38944271 2.48837287 2.33757538 2.31627016 2.41538316 2.39787117 2.4435051  2.45114924 2.36967411 2.53308938 2.42417458 2.3807522  2.33668644 2.57462895 2.48571024 2.39749789 2.46559413 2.43686815 2.38030585 2.48560112 2.35736723 2.47743612 2.45047096 2.47824829 2.43734877 2.54712247 2.42891337 2.3697871  2.41715563 2.37096586 2.42539352 2.5469163  2.3433139  2.52699929 2.53161829 2.4808097  2.46304408 2.4214243  2.42009232 2.37586529 2.45759862 2.40003525 2.45415426 2.38967166 2.41148198 2.35526398 2.49507806 2.44452711 2.35466085 2.46448012 2.48835175 2.34995512 2.43995417 2.36641951 2.51809852]

1st HVL mm Cu- mean value: 0.08685313607593803, std deviation mm Cu: 0.003050848792904982, ur%: [3.54073208 3.32624505 3.46502353 3.61617322 3.45429588 3.58377976 3.622694   3.53458795 3.68751551 3.65160131 3.62702297 3.40686212 3.67900697 3.35185752 3.59757126 3.55798415 3.40611385 3.64411669 3.58103594 3.49559132 3.43198106 3.68700574 3.4766438  3.72414586 3.40887074 3.39624403 3.41823046 3.49724271 3.39856284 3.28957354 3.27242834 3.34008586 3.3979806  3.56615559 3.54267625 3.49995407 3.43255258 3.39734312 3.55188508 3.46106556 3.31119058 3.67607688 3.61125173 3.49398042 3.37520662 3.42634711 3.66529173 3.3374886  3.33864674 3.5350591  3.47006436 3.57217538 3.55098232 3.3788881  3.71220878 3.53537094 3.42374792 3.35685297 3.80761625 3.68346857 3.45377938 3.62320176 3.51512119 3.43325879 3.60758399 3.35776291 3.64513609 3.58423337 3.65162487 3.52766376 3.75566893 3.52050529 3.41302474 3.52343975 3.40409129 3.51391846 3.75135766 3.33400804 3.71152808 3.7298967  3.64588526 3.58615001 3.52505017 3.48716183 3.42289517 3.58343196 3.43945845 3.55132224 3.43280903 3.48776823 3.38593588 3.62768914 3.55338198 3.36677515 3.6074259  3.67623469 3.35383767 3.54139383 3.35959023 3.72690713]

2nd HVL mm Cu- mean value: 0.12191201819265313, std deviation mm Cu: 0.0036979627340516415, ur%: [3.0451809  2.900358   3.02628    3.10413593 2.96421875 3.05488732 3.05851348 3.03144243 3.16422136 3.12979659 3.11106737 2.98205974 3.13427567 2.92219    3.10810938 3.08442159 2.94062149 3.13399764 3.07330029 3.01543899 2.98129414 3.14941649 3.03038505 3.17464259 2.95405756 2.97978558 2.95332372 3.00426505 2.96509209 2.86434167 2.84210651 2.91100563 2.94123453 3.04632044 3.07189424 3.03165249 2.97101559 2.93699521 3.03578162 3.00109842 2.88553724 3.16299704 3.12257868 3.02596539 2.96180667 2.98409429 3.13237101 2.8988828  2.85590975 3.01345164 2.99174701 3.06184868 3.08118959 2.95449206 3.21123077 3.03083373 2.96723386 2.8929789  3.27459527 3.12368858 2.99433011 3.09551095 3.06016262 2.96427519 3.13805908 2.9343271  3.1147081  3.0733262  3.11497878 3.05854595 3.23057323 3.04322536 2.9474765  3.01934415 2.9518281  3.03755662 3.23092128 2.91115896 3.19948603 3.2049878  3.12116791 3.09777522 3.0274315  3.03247158 2.95755835 3.08752122 3.00235798 3.08719336 2.98307914 3.01522473 2.92417802 3.15280805 3.06762378 2.92703882 3.09639646 3.13015045 2.92030345 3.06099368 2.95207612 3.17901534]

Quality: H-60
angle: 60 deg
Mean value of conversion coeff: [1.15434252]
Std deviation: 0.004375540641290467
ur%(hK): 0.3022779624230943
Mean E keV: 37.90819993948962, std dev keV: 0.3374406748573003, ur%: 0.8901521976668235
Kerma Medio - Valor medio: 3.5581756871337125, Desviación estándar: 0.06723524586221882, ur%: 1.8895988218159108

1st HVL mm Al- mean value: 2.6550404584382994, std deviation mm Al: 0.08211944615083501, ur%: [3.11494573 2.94786146 3.05294306 3.17316902 3.0497701  3.15037574 3.18289174 3.11113914 3.22773054 3.20068271 3.18167331 3.00811903 3.22336185 2.96741561 3.15711563 3.12594778 3.01136474 3.19389631 3.1463136  3.07968841 3.02936298 3.2286935  3.06240145 3.25770597 3.01238699 2.99931707 3.02041422 3.08218867 3.00263326 2.92046854 2.90813395 2.95852322 3.00449107 3.13628281 3.11419905 3.08189877 3.03072668 3.00434707 3.1252203  3.05201498 2.93661704 3.21827699 3.16732878 3.07741463 2.98333711 3.0242606  3.21192179 2.9575431  2.96259717 3.11320801 3.06046779 3.13998236 3.12034037 2.98709409 3.24435626 3.11184691 3.02368347 2.97441888 3.31911733 3.22802923 3.04650908 3.17988839 3.09202291 3.0320451  3.16282136 2.97121494 3.19655281 3.14903283 3.2020549  3.10275163 3.27920148 3.0981693  3.0165671  3.1028225  3.00854632 3.09315171 3.27557563 2.95343282 3.24478268 3.25983023 3.19661096 3.14840622 3.10347884 3.07106292 3.02394497 3.14708986 3.03368881 3.1199903  3.02988674 3.07318093 2.99589101 3.17841457 3.12359419 2.97945828 3.16649139 3.22141587 2.96922522 3.11408015 2.97108302 3.25966739]

2nd HVL mm Al- mean value: 3.44633333709214, std deviation mm Al: 0.08352149575281238, ur%: [2.43188115 2.33706212 2.41465572 2.46927396 2.38243823 2.44111677 2.44681511 2.42440692 2.50670864 2.48577406 2.47385526 2.38644287 2.49070545 2.35071163 2.4694333  2.4534944  2.36562157 2.48710326 2.45012118 2.41233956 2.38869635 2.49916679 2.41795835 2.51558771 2.37259712 2.38413094 2.37326037 2.40693786 2.37701438 2.31525893 2.30234798 2.34385697 2.36509609 2.43501708 2.44562144 2.42097079 2.38354284 2.36290844 2.42826153 2.40164611 2.32808715 2.50502818 2.47812479 2.41751348 2.37295318 2.38944271 2.48837287 2.33757538 2.31627016 2.41538316 2.39787117 2.4435051  2.45114924 2.36967411 2.53308938 2.42417458 2.3807522  2.33668644 2.57462895 2.48571024 2.39749789 2.46559413 2.43686815 2.38030585 2.48560112 2.35736723 2.47743612 2.45047096 2.47824829 2.43734877 2.54712247 2.42891337 2.3697871  2.41715563 2.37096586 2.42539352 2.5469163  2.3433139  2.52699929 2.53161829 2.4808097  2.46304408 2.4214243  2.42009232 2.37586529 2.45759862 2.40003525 2.45415426 2.38967166 2.41148198 2.35526398 2.49507806 2.44452711 2.35466085 2.46448012 2.48835175 2.34995512 2.43995417 2.36641951 2.51809852]

1st HVL mm Cu- mean value: 0.08685313607593803, std deviation mm Cu: 0.003050848792904982, ur%: [3.54073208 3.32624505 3.46502353 3.61617322 3.45429588 3.58377976 3.622694   3.53458795 3.68751551 3.65160131 3.62702297 3.40686212 3.67900697 3.35185752 3.59757126 3.55798415 3.40611385 3.64411669 3.58103594 3.49559132 3.43198106 3.68700574 3.4766438  3.72414586 3.40887074 3.39624403 3.41823046 3.49724271 3.39856284 3.28957354 3.27242834 3.34008586 3.3979806  3.56615559 3.54267625 3.49995407 3.43255258 3.39734312 3.55188508 3.46106556 3.31119058 3.67607688 3.61125173 3.49398042 3.37520662 3.42634711 3.66529173 3.3374886  3.33864674 3.5350591  3.47006436 3.57217538 3.55098232 3.3788881  3.71220878 3.53537094 3.42374792 3.35685297 3.80761625 3.68346857 3.45377938 3.62320176 3.51512119 3.43325879 3.60758399 3.35776291 3.64513609 3.58423337 3.65162487 3.52766376 3.75566893 3.52050529 3.41302474 3.52343975 3.40409129 3.51391846 3.75135766 3.33400804 3.71152808 3.7298967  3.64588526 3.58615001 3.52505017 3.48716183 3.42289517 3.58343196 3.43945845 3.55132224 3.43280903 3.48776823 3.38593588 3.62768914 3.55338198 3.36677515 3.6074259  3.67623469 3.35383767 3.54139383 3.35959023 3.72690713]

2nd HVL mm Cu- mean value: 0.12191201819265313, std deviation mm Cu: 0.0036979627340516415, ur%: [3.0451809  2.900358   3.02628    3.10413593 2.96421875 3.05488732 3.05851348 3.03144243 3.16422136 3.12979659 3.11106737 2.98205974 3.13427567 2.92219    3.10810938 3.08442159 2.94062149 3.13399764 3.07330029 3.01543899 2.98129414 3.14941649 3.03038505 3.17464259 2.95405756 2.97978558 2.95332372 3.00426505 2.96509209 2.86434167 2.84210651 2.91100563 2.94123453 3.04632044 3.07189424 3.03165249 2.97101559 2.93699521 3.03578162 3.00109842 2.88553724 3.16299704 3.12257868 3.02596539 2.96180667 2.98409429 3.13237101 2.8988828  2.85590975 3.01345164 2.99174701 3.06184868 3.08118959 2.95449206 3.21123077 3.03083373 2.96723386 2.8929789  3.27459527 3.12368858 2.99433011 3.09551095 3.06016262 2.96427519 3.13805908 2.9343271  3.1147081  3.0733262  3.11497878 3.05854595 3.23057323 3.04322536 2.9474765  3.01934415 2.9518281  3.03755662 3.23092128 2.91115896 3.19948603 3.2049878  3.12116791 3.09777522 3.0274315  3.03247158 2.95755835 3.08752122 3.00235798 3.08719336 2.98307914 3.01522473 2.92417802 3.15280805 3.06762378 2.92703882 3.09639646 3.13015045 2.92030345 3.06099368 2.95207612 3.17901534]

Quality: H-60
angle: 75 deg
Mean value of conversion coeff: [1.09246499]
Std deviation: 0.0035100996925493217
ur%(hK): 0.31969888991214435
Mean E keV: 37.90819993948962, std dev keV: 0.3374406748573003, ur%: 0.8901521976668235
Kerma Medio - Valor medio: 3.5581756871337125, Desviación estándar: 0.06723524586221882, ur%: 1.8895988218159108

1st HVL mm Al- mean value: 2.6550404584382994, std deviation mm Al: 0.08211944615083501, ur%: [3.11494573 2.94786146 3.05294306 3.17316902 3.0497701  3.15037574 3.18289174 3.11113914 3.22773054 3.20068271 3.18167331 3.00811903 3.22336185 2.96741561 3.15711563 3.12594778 3.01136474 3.19389631 3.1463136  3.07968841 3.02936298 3.2286935  3.06240145 3.25770597 3.01238699 2.99931707 3.02041422 3.08218867 3.00263326 2.92046854 2.90813395 2.95852322 3.00449107 3.13628281 3.11419905 3.08189877 3.03072668 3.00434707 3.1252203  3.05201498 2.93661704 3.21827699 3.16732878 3.07741463 2.98333711 3.0242606  3.21192179 2.9575431  2.96259717 3.11320801 3.06046779 3.13998236 3.12034037 2.98709409 3.24435626 3.11184691 3.02368347 2.97441888 3.31911733 3.22802923 3.04650908 3.17988839 3.09202291 3.0320451  3.16282136 2.97121494 3.19655281 3.14903283 3.2020549  3.10275163 3.27920148 3.0981693  3.0165671  3.1028225  3.00854632 3.09315171 3.27557563 2.95343282 3.24478268 3.25983023 3.19661096 3.14840622 3.10347884 3.07106292 3.02394497 3.14708986 3.03368881 3.1199903  3.02988674 3.07318093 2.99589101 3.17841457 3.12359419 2.97945828 3.16649139 3.22141587 2.96922522 3.11408015 2.97108302 3.25966739]

2nd HVL mm Al- mean value: 3.44633333709214, std deviation mm Al: 0.08352149575281238, ur%: [2.43188115 2.33706212 2.41465572 2.46927396 2.38243823 2.44111677 2.44681511 2.42440692 2.50670864 2.48577406 2.47385526 2.38644287 2.49070545 2.35071163 2.4694333  2.4534944  2.36562157 2.48710326 2.45012118 2.41233956 2.38869635 2.49916679 2.41795835 2.51558771 2.37259712 2.38413094 2.37326037 2.40693786 2.37701438 2.31525893 2.30234798 2.34385697 2.36509609 2.43501708 2.44562144 2.42097079 2.38354284 2.36290844 2.42826153 2.40164611 2.32808715 2.50502818 2.47812479 2.41751348 2.37295318 2.38944271 2.48837287 2.33757538 2.31627016 2.41538316 2.39787117 2.4435051  2.45114924 2.36967411 2.53308938 2.42417458 2.3807522  2.33668644 2.57462895 2.48571024 2.39749789 2.46559413 2.43686815 2.38030585 2.48560112 2.35736723 2.47743612 2.45047096 2.47824829 2.43734877 2.54712247 2.42891337 2.3697871  2.41715563 2.37096586 2.42539352 2.5469163  2.3433139  2.52699929 2.53161829 2.4808097  2.46304408 2.4214243  2.42009232 2.37586529 2.45759862 2.40003525 2.45415426 2.38967166 2.41148198 2.35526398 2.49507806 2.44452711 2.35466085 2.46448012 2.48835175 2.34995512 2.43995417 2.36641951 2.51809852]

1st HVL mm Cu- mean value: 0.08685313607593803, std deviation mm Cu: 0.003050848792904982, ur%: [3.54073208 3.32624505 3.46502353 3.61617322 3.45429588 3.58377976 3.622694   3.53458795 3.68751551 3.65160131 3.62702297 3.40686212 3.67900697 3.35185752 3.59757126 3.55798415 3.40611385 3.64411669 3.58103594 3.49559132 3.43198106 3.68700574 3.4766438  3.72414586 3.40887074 3.39624403 3.41823046 3.49724271 3.39856284 3.28957354 3.27242834 3.34008586 3.3979806  3.56615559 3.54267625 3.49995407 3.43255258 3.39734312 3.55188508 3.46106556 3.31119058 3.67607688 3.61125173 3.49398042 3.37520662 3.42634711 3.66529173 3.3374886  3.33864674 3.5350591  3.47006436 3.57217538 3.55098232 3.3788881  3.71220878 3.53537094 3.42374792 3.35685297 3.80761625 3.68346857 3.45377938 3.62320176 3.51512119 3.43325879 3.60758399 3.35776291 3.64513609 3.58423337 3.65162487 3.52766376 3.75566893 3.52050529 3.41302474 3.52343975 3.40409129 3.51391846 3.75135766 3.33400804 3.71152808 3.7298967  3.64588526 3.58615001 3.52505017 3.48716183 3.42289517 3.58343196 3.43945845 3.55132224 3.43280903 3.48776823 3.38593588 3.62768914 3.55338198 3.36677515 3.6074259  3.67623469 3.35383767 3.54139383 3.35959023 3.72690713]

2nd HVL mm Cu- mean value: 0.12191201819265313, std deviation mm Cu: 0.0036979627340516415, ur%: [3.0451809  2.900358   3.02628    3.10413593 2.96421875 3.05488732 3.05851348 3.03144243 3.16422136 3.12979659 3.11106737 2.98205974 3.13427567 2.92219    3.10810938 3.08442159 2.94062149 3.13399764 3.07330029 3.01543899 2.98129414 3.14941649 3.03038505 3.17464259 2.95405756 2.97978558 2.95332372 3.00426505 2.96509209 2.86434167 2.84210651 2.91100563 2.94123453 3.04632044 3.07189424 3.03165249 2.97101559 2.93699521 3.03578162 3.00109842 2.88553724 3.16299704 3.12257868 3.02596539 2.96180667 2.98409429 3.13237101 2.8988828  2.85590975 3.01345164 2.99174701 3.06184868 3.08118959 2.95449206 3.21123077 3.03083373 2.96723386 2.8929789  3.27459527 3.12368858 2.99433011 3.09551095 3.06016262 2.96427519 3.13805908 2.9343271  3.1147081  3.0733262  3.11497878 3.05854595 3.23057323 3.04322536 2.9474765  3.01934415 2.9518281  3.03755662 3.23092128 2.91115896 3.19948603 3.2049878  3.12116791 3.09777522 3.0274315  3.03247158 2.95755835 3.08752122 3.00235798 3.08719336 2.98307914 3.01522473 2.92417802 3.15280805 3.06762378 2.92703882 3.09639646 3.13015045 2.92030345 3.06099368 2.95207612 3.17901534]

Quality: H-60
angle: 0 deg
Mean value of conversion coeff: [1.30842401]
Std deviation: 0.007705635079197837
ur%(hK): 0.5891513206122913
Mean E keV: 37.85683342867798, std dev keV: 0.34742356259935575, ur%: 0.9177301193294453
Kerma Medio - Valor medio: 3.5634504412743566, Desviación estándar: 0.06803369733496523, ur%: 1.909208461185589

1st HVL mm Al- mean value: 2.6496137771793644, std deviation mm Al: 0.0838289954864925, ur%: [3.20820424 3.17828713 3.06715017 3.29525958 3.05827444 3.19782749 2.98671612 3.1566251  3.13910728 3.19910204 3.1468082  3.16664388 3.22128599 2.95507228 3.16989089 3.30160565 3.06887265 3.32941622 3.15176893 3.20372651 3.19099298 3.30058059 3.10435181 3.1626254  3.23891074 3.05462153 3.2626037  3.06962901 3.20704543 3.11941727 3.10259036 3.1881344  3.14549751 3.18048596 3.29121634 3.37137535 3.01006787 3.36412051 3.31660957 3.06534336 3.22570412 3.20309617 3.08513172 3.24322015 3.37714211 3.03108667 3.15984929 3.18245129 3.1972993  3.16158791 3.28293508 3.15609937 3.26206185 3.27881473 3.18898174 3.12843626 3.27964783 3.17329753 3.09150037 3.27055696 3.29838129 3.25759362 3.01195792 3.29455412 3.05630477 3.18881057 3.25026815 3.06197648 2.99263084 3.14275218 3.0755815  3.20854631 3.06582548 3.03917694 3.22704893 3.21598281 3.09328824 2.99664832 3.06790515 3.36213824 3.02830695 3.17099551 3.02903868 3.19151025 3.0121031  3.28907461 3.12154973 3.19549448 3.00422225 3.14748834 3.11585844 3.19255921 3.27716831 3.3208811  3.14742728 3.12817365 3.01831412 3.27121592 3.02995774 3.1727854 ]

2nd HVL mm Al- mean value: 3.437315318726917, std deviation mm Al: 0.08560438513422099, ur%: [2.49670374 2.50643436 2.43582712 2.58412189 2.432963   2.51660049 2.37532051 2.48643341 2.49237678 2.50440117 2.48402862 2.49631257 2.52313083 2.34207239 2.52557526 2.5822468  2.42391374 2.58732419 2.48107032 2.52535567 2.49119452 2.56329757 2.44906141 2.47513221 2.53721844 2.43042842 2.53330324 2.4489341  2.50298379 2.47293171 2.43746914 2.52228441 2.49414215 2.48315934 2.55318951 2.62248554 2.38876423 2.61609726 2.58308014 2.44141126 2.53129692 2.50475813 2.43279534 2.54677069 2.63235185 2.40974706 2.5035818  2.49528166 2.49371541 2.47117183 2.54052923 2.48122298 2.54635524 2.55137091 2.50617771 2.48038385 2.54243475 2.49495721 2.46389636 2.56517497 2.58335832 2.56082581 2.3921021  2.56161516 2.43103862 2.49429089 2.54398977 2.43633958 2.38487119 2.4887399  2.44046316 2.52698709 2.42419648 2.40782006 2.5186666  2.51704187 2.44588593 2.38817025 2.43223125 2.62285966 2.41242173 2.49243418 2.41542421 2.51126343 2.39309938 2.57735531 2.47312808 2.52694783 2.39262178 2.48557966 2.45934782 2.50208846 2.57059382 2.57513484 2.46492569 2.44884253 2.39880204 2.55265193 2.42079844 2.48095898]

1st HVL mm Cu- mean value: 0.0866388192471637, std deviation mm Cu: 0.0031158669711127446, ur%: [3.64998618 3.61727302 3.47314204 3.76946132 3.46227712 3.64214152 3.3665248  3.58787336 3.56881353 3.6411213  3.57605474 3.60168143 3.67076597 3.32240188 3.61160395 3.77656164 3.47248703 3.80993738 3.58107118 3.65089782 3.62885044 3.77141346 3.51924602 3.59246219 3.69430735 3.45750434 3.72094031 3.47893808 3.64994565 3.54176461 3.51463267 3.63206272 3.57666334 3.61499653 3.75836131 3.86598314 3.39657677 3.85614489 3.79414337 3.47221203 3.67767163 3.64580647 3.49329415 3.70123748 3.87456487 3.42559824 3.59530947 3.61982495 3.63674302 3.59041263 3.74616135 3.5861912  3.72303154 3.74361179 3.62969205 3.55385716 3.74268608 3.60903734 3.50747872 3.73694865 3.77299704 3.7208777  3.39948993 3.76400438 3.45958885 3.62691709 3.70891762 3.46727026 3.37560585 3.57226589 3.48392282 3.65679901 3.46902873 3.43451547 3.67659481 3.6633256  3.50563551 3.38095821 3.47319303 3.85517998 3.42295022 3.60582442 3.42456074 3.63372288 3.39989182 3.76094927 3.54429164 3.64159225 3.39072035 3.57713866 3.53473033 3.63298912 3.74570447 3.79746985 3.57266187 3.54672473 3.40842476 3.73501255 3.42668008 3.60551079]

2nd HVL mm Cu- mean value: 0.12147821796281857, std deviation mm Cu: 0.0037916642538467285, ur%: [3.12378692 3.14956106 3.03875027 3.27293125 3.03537479 3.16472756 2.94011787 3.11583583 3.13154498 3.14086325 3.11356471 3.13271754 3.17195847 2.88270836 3.18871644 3.26800178 3.01498721 3.27159818 3.106537   3.18038266 3.11707961 3.23168291 3.05561332 3.09248148 3.19526224 3.03133573 3.18224799 3.06381663 3.13619431 3.09840449 3.03338054 3.17799352 3.13350666 3.10399295 3.21423893 3.32999199 2.96065898 3.31922943 3.26622113 3.05005676 3.18677806 3.14061053 3.02839604 3.2126772  3.34754023 2.99658366 3.14840565 3.12702122 3.12054804 3.08504865 3.19172591 3.10585257 3.20757696 3.21352495 3.1466194  3.11077485 3.19607509 3.12845839 3.08758957 3.2420888  3.2708069  3.23653738 2.96673145 3.22973857 3.03211612 3.12355433 3.2057529  3.04102139 2.95749622 3.12361446 3.04573848 3.18238596 3.01630363 2.99078375 3.16206532 3.16138478 3.05199803 2.96292251 3.03148882 3.3326015  3.00252236 3.12409304 3.00831329 3.15589073 2.96866675 3.26134569 3.09827907 3.18530864 2.96975567 3.11637547 3.07280652 3.13784847 3.25098875 3.24998614 3.07625153 3.04939068 2.97836641 3.21769213 3.01849671 3.1014297 ]

Quality: H-60
angle: 15 deg
Mean value of conversion coeff: [1.3031278]
Std deviation: 0.007418953342149615
ur%(hK): 0.5695048416033186
Mean E keV: 37.85683342867798, std dev keV: 0.34742356259935575, ur%: 0.9177301193294453
Kerma Medio - Valor medio: 3.5634504412743566, Desviación estándar: 0.06803369733496523, ur%: 1.909208461185589

1st HVL mm Al- mean value: 2.6496137771793644, std deviation mm Al: 0.0838289954864925, ur%: [3.20820424 3.17828713 3.06715017 3.29525958 3.05827444 3.19782749 2.98671612 3.1566251  3.13910728 3.19910204 3.1468082  3.16664388 3.22128599 2.95507228 3.16989089 3.30160565 3.06887265 3.32941622 3.15176893 3.20372651 3.19099298 3.30058059 3.10435181 3.1626254  3.23891074 3.05462153 3.2626037  3.06962901 3.20704543 3.11941727 3.10259036 3.1881344  3.14549751 3.18048596 3.29121634 3.37137535 3.01006787 3.36412051 3.31660957 3.06534336 3.22570412 3.20309617 3.08513172 3.24322015 3.37714211 3.03108667 3.15984929 3.18245129 3.1972993  3.16158791 3.28293508 3.15609937 3.26206185 3.27881473 3.18898174 3.12843626 3.27964783 3.17329753 3.09150037 3.27055696 3.29838129 3.25759362 3.01195792 3.29455412 3.05630477 3.18881057 3.25026815 3.06197648 2.99263084 3.14275218 3.0755815  3.20854631 3.06582548 3.03917694 3.22704893 3.21598281 3.09328824 2.99664832 3.06790515 3.36213824 3.02830695 3.17099551 3.02903868 3.19151025 3.0121031  3.28907461 3.12154973 3.19549448 3.00422225 3.14748834 3.11585844 3.19255921 3.27716831 3.3208811  3.14742728 3.12817365 3.01831412 3.27121592 3.02995774 3.1727854 ]

2nd HVL mm Al- mean value: 3.437315318726917, std deviation mm Al: 0.08560438513422099, ur%: [2.49670374 2.50643436 2.43582712 2.58412189 2.432963   2.51660049 2.37532051 2.48643341 2.49237678 2.50440117 2.48402862 2.49631257 2.52313083 2.34207239 2.52557526 2.5822468  2.42391374 2.58732419 2.48107032 2.52535567 2.49119452 2.56329757 2.44906141 2.47513221 2.53721844 2.43042842 2.53330324 2.4489341  2.50298379 2.47293171 2.43746914 2.52228441 2.49414215 2.48315934 2.55318951 2.62248554 2.38876423 2.61609726 2.58308014 2.44141126 2.53129692 2.50475813 2.43279534 2.54677069 2.63235185 2.40974706 2.5035818  2.49528166 2.49371541 2.47117183 2.54052923 2.48122298 2.54635524 2.55137091 2.50617771 2.48038385 2.54243475 2.49495721 2.46389636 2.56517497 2.58335832 2.56082581 2.3921021  2.56161516 2.43103862 2.49429089 2.54398977 2.43633958 2.38487119 2.4887399  2.44046316 2.52698709 2.42419648 2.40782006 2.5186666  2.51704187 2.44588593 2.38817025 2.43223125 2.62285966 2.41242173 2.49243418 2.41542421 2.51126343 2.39309938 2.57735531 2.47312808 2.52694783 2.39262178 2.48557966 2.45934782 2.50208846 2.57059382 2.57513484 2.46492569 2.44884253 2.39880204 2.55265193 2.42079844 2.48095898]

1st HVL mm Cu- mean value: 0.0866388192471637, std deviation mm Cu: 0.0031158669711127446, ur%: [3.64998618 3.61727302 3.47314204 3.76946132 3.46227712 3.64214152 3.3665248  3.58787336 3.56881353 3.6411213  3.57605474 3.60168143 3.67076597 3.32240188 3.61160395 3.77656164 3.47248703 3.80993738 3.58107118 3.65089782 3.62885044 3.77141346 3.51924602 3.59246219 3.69430735 3.45750434 3.72094031 3.47893808 3.64994565 3.54176461 3.51463267 3.63206272 3.57666334 3.61499653 3.75836131 3.86598314 3.39657677 3.85614489 3.79414337 3.47221203 3.67767163 3.64580647 3.49329415 3.70123748 3.87456487 3.42559824 3.59530947 3.61982495 3.63674302 3.59041263 3.74616135 3.5861912  3.72303154 3.74361179 3.62969205 3.55385716 3.74268608 3.60903734 3.50747872 3.73694865 3.77299704 3.7208777  3.39948993 3.76400438 3.45958885 3.62691709 3.70891762 3.46727026 3.37560585 3.57226589 3.48392282 3.65679901 3.46902873 3.43451547 3.67659481 3.6633256  3.50563551 3.38095821 3.47319303 3.85517998 3.42295022 3.60582442 3.42456074 3.63372288 3.39989182 3.76094927 3.54429164 3.64159225 3.39072035 3.57713866 3.53473033 3.63298912 3.74570447 3.79746985 3.57266187 3.54672473 3.40842476 3.73501255 3.42668008 3.60551079]

2nd HVL mm Cu- mean value: 0.12147821796281857, std deviation mm Cu: 0.0037916642538467285, ur%: [3.12378692 3.14956106 3.03875027 3.27293125 3.03537479 3.16472756 2.94011787 3.11583583 3.13154498 3.14086325 3.11356471 3.13271754 3.17195847 2.88270836 3.18871644 3.26800178 3.01498721 3.27159818 3.106537   3.18038266 3.11707961 3.23168291 3.05561332 3.09248148 3.19526224 3.03133573 3.18224799 3.06381663 3.13619431 3.09840449 3.03338054 3.17799352 3.13350666 3.10399295 3.21423893 3.32999199 2.96065898 3.31922943 3.26622113 3.05005676 3.18677806 3.14061053 3.02839604 3.2126772  3.34754023 2.99658366 3.14840565 3.12702122 3.12054804 3.08504865 3.19172591 3.10585257 3.20757696 3.21352495 3.1466194  3.11077485 3.19607509 3.12845839 3.08758957 3.2420888  3.2708069  3.23653738 2.96673145 3.22973857 3.03211612 3.12355433 3.2057529  3.04102139 2.95749622 3.12361446 3.04573848 3.18238596 3.01630363 2.99078375 3.16206532 3.16138478 3.05199803 2.96292251 3.03148882 3.3326015  3.00252236 3.12409304 3.00831329 3.15589073 2.96866675 3.26134569 3.09827907 3.18530864 2.96975567 3.11637547 3.07280652 3.13784847 3.25098875 3.24998614 3.07625153 3.04939068 2.97836641 3.21769213 3.01849671 3.1014297 ]

Quality: H-60
angle: 30 deg
Mean value of conversion coeff: [1.2771157]
Std deviation: 0.007072711454225089
ur%(hK): 0.5539629607762198
Mean E keV: 37.85683342867798, std dev keV: 0.34742356259935575, ur%: 0.9177301193294453
Kerma Medio - Valor medio: 3.5634504412743566, Desviación estándar: 0.06803369733496523, ur%: 1.909208461185589

1st HVL mm Al- mean value: 2.6496137771793644, std deviation mm Al: 0.0838289954864925, ur%: [3.20820424 3.17828713 3.06715017 3.29525958 3.05827444 3.19782749 2.98671612 3.1566251  3.13910728 3.19910204 3.1468082  3.16664388 3.22128599 2.95507228 3.16989089 3.30160565 3.06887265 3.32941622 3.15176893 3.20372651 3.19099298 3.30058059 3.10435181 3.1626254  3.23891074 3.05462153 3.2626037  3.06962901 3.20704543 3.11941727 3.10259036 3.1881344  3.14549751 3.18048596 3.29121634 3.37137535 3.01006787 3.36412051 3.31660957 3.06534336 3.22570412 3.20309617 3.08513172 3.24322015 3.37714211 3.03108667 3.15984929 3.18245129 3.1972993  3.16158791 3.28293508 3.15609937 3.26206185 3.27881473 3.18898174 3.12843626 3.27964783 3.17329753 3.09150037 3.27055696 3.29838129 3.25759362 3.01195792 3.29455412 3.05630477 3.18881057 3.25026815 3.06197648 2.99263084 3.14275218 3.0755815  3.20854631 3.06582548 3.03917694 3.22704893 3.21598281 3.09328824 2.99664832 3.06790515 3.36213824 3.02830695 3.17099551 3.02903868 3.19151025 3.0121031  3.28907461 3.12154973 3.19549448 3.00422225 3.14748834 3.11585844 3.19255921 3.27716831 3.3208811  3.14742728 3.12817365 3.01831412 3.27121592 3.02995774 3.1727854 ]

2nd HVL mm Al- mean value: 3.437315318726917, std deviation mm Al: 0.08560438513422099, ur%: [2.49670374 2.50643436 2.43582712 2.58412189 2.432963   2.51660049 2.37532051 2.48643341 2.49237678 2.50440117 2.48402862 2.49631257 2.52313083 2.34207239 2.52557526 2.5822468  2.42391374 2.58732419 2.48107032 2.52535567 2.49119452 2.56329757 2.44906141 2.47513221 2.53721844 2.43042842 2.53330324 2.4489341  2.50298379 2.47293171 2.43746914 2.52228441 2.49414215 2.48315934 2.55318951 2.62248554 2.38876423 2.61609726 2.58308014 2.44141126 2.53129692 2.50475813 2.43279534 2.54677069 2.63235185 2.40974706 2.5035818  2.49528166 2.49371541 2.47117183 2.54052923 2.48122298 2.54635524 2.55137091 2.50617771 2.48038385 2.54243475 2.49495721 2.46389636 2.56517497 2.58335832 2.56082581 2.3921021  2.56161516 2.43103862 2.49429089 2.54398977 2.43633958 2.38487119 2.4887399  2.44046316 2.52698709 2.42419648 2.40782006 2.5186666  2.51704187 2.44588593 2.38817025 2.43223125 2.62285966 2.41242173 2.49243418 2.41542421 2.51126343 2.39309938 2.57735531 2.47312808 2.52694783 2.39262178 2.48557966 2.45934782 2.50208846 2.57059382 2.57513484 2.46492569 2.44884253 2.39880204 2.55265193 2.42079844 2.48095898]

1st HVL mm Cu- mean value: 0.0866388192471637, std deviation mm Cu: 0.0031158669711127446, ur%: [3.64998618 3.61727302 3.47314204 3.76946132 3.46227712 3.64214152 3.3665248  3.58787336 3.56881353 3.6411213  3.57605474 3.60168143 3.67076597 3.32240188 3.61160395 3.77656164 3.47248703 3.80993738 3.58107118 3.65089782 3.62885044 3.77141346 3.51924602 3.59246219 3.69430735 3.45750434 3.72094031 3.47893808 3.64994565 3.54176461 3.51463267 3.63206272 3.57666334 3.61499653 3.75836131 3.86598314 3.39657677 3.85614489 3.79414337 3.47221203 3.67767163 3.64580647 3.49329415 3.70123748 3.87456487 3.42559824 3.59530947 3.61982495 3.63674302 3.59041263 3.74616135 3.5861912  3.72303154 3.74361179 3.62969205 3.55385716 3.74268608 3.60903734 3.50747872 3.73694865 3.77299704 3.7208777  3.39948993 3.76400438 3.45958885 3.62691709 3.70891762 3.46727026 3.37560585 3.57226589 3.48392282 3.65679901 3.46902873 3.43451547 3.67659481 3.6633256  3.50563551 3.38095821 3.47319303 3.85517998 3.42295022 3.60582442 3.42456074 3.63372288 3.39989182 3.76094927 3.54429164 3.64159225 3.39072035 3.57713866 3.53473033 3.63298912 3.74570447 3.79746985 3.57266187 3.54672473 3.40842476 3.73501255 3.42668008 3.60551079]

2nd HVL mm Cu- mean value: 0.12147821796281857, std deviation mm Cu: 0.0037916642538467285, ur%: [3.12378692 3.14956106 3.03875027 3.27293125 3.03537479 3.16472756 2.94011787 3.11583583 3.13154498 3.14086325 3.11356471 3.13271754 3.17195847 2.88270836 3.18871644 3.26800178 3.01498721 3.27159818 3.106537   3.18038266 3.11707961 3.23168291 3.05561332 3.09248148 3.19526224 3.03133573 3.18224799 3.06381663 3.13619431 3.09840449 3.03338054 3.17799352 3.13350666 3.10399295 3.21423893 3.32999199 2.96065898 3.31922943 3.26622113 3.05005676 3.18677806 3.14061053 3.02839604 3.2126772  3.34754023 2.99658366 3.14840565 3.12702122 3.12054804 3.08504865 3.19172591 3.10585257 3.20757696 3.21352495 3.1466194  3.11077485 3.19607509 3.12845839 3.08758957 3.2420888  3.2708069  3.23653738 2.96673145 3.22973857 3.03211612 3.12355433 3.2057529  3.04102139 2.95749622 3.12361446 3.04573848 3.18238596 3.01630363 2.99078375 3.16206532 3.16138478 3.05199803 2.96292251 3.03148882 3.3326015  3.00252236 3.12409304 3.00831329 3.15589073 2.96866675 3.26134569 3.09827907 3.18530864 2.96975567 3.11637547 3.07280652 3.13784847 3.25098875 3.24998614 3.07625153 3.04939068 2.97836641 3.21769213 3.01849671 3.1014297 ]

Quality: H-60
angle: 45 deg
Mean value of conversion coeff: [1.23182267]
Std deviation: 0.005910227327720465
ur%(hK): 0.47998991244631845
Mean E keV: 37.85683342867798, std dev keV: 0.34742356259935575, ur%: 0.9177301193294453
Kerma Medio - Valor medio: 3.5634504412743566, Desviación estándar: 0.06803369733496523, ur%: 1.909208461185589

1st HVL mm Al- mean value: 2.6496137771793644, std deviation mm Al: 0.0838289954864925, ur%: [3.20820424 3.17828713 3.06715017 3.29525958 3.05827444 3.19782749 2.98671612 3.1566251  3.13910728 3.19910204 3.1468082  3.16664388 3.22128599 2.95507228 3.16989089 3.30160565 3.06887265 3.32941622 3.15176893 3.20372651 3.19099298 3.30058059 3.10435181 3.1626254  3.23891074 3.05462153 3.2626037  3.06962901 3.20704543 3.11941727 3.10259036 3.1881344  3.14549751 3.18048596 3.29121634 3.37137535 3.01006787 3.36412051 3.31660957 3.06534336 3.22570412 3.20309617 3.08513172 3.24322015 3.37714211 3.03108667 3.15984929 3.18245129 3.1972993  3.16158791 3.28293508 3.15609937 3.26206185 3.27881473 3.18898174 3.12843626 3.27964783 3.17329753 3.09150037 3.27055696 3.29838129 3.25759362 3.01195792 3.29455412 3.05630477 3.18881057 3.25026815 3.06197648 2.99263084 3.14275218 3.0755815  3.20854631 3.06582548 3.03917694 3.22704893 3.21598281 3.09328824 2.99664832 3.06790515 3.36213824 3.02830695 3.17099551 3.02903868 3.19151025 3.0121031  3.28907461 3.12154973 3.19549448 3.00422225 3.14748834 3.11585844 3.19255921 3.27716831 3.3208811  3.14742728 3.12817365 3.01831412 3.27121592 3.02995774 3.1727854 ]

2nd HVL mm Al- mean value: 3.437315318726917, std deviation mm Al: 0.08560438513422099, ur%: [2.49670374 2.50643436 2.43582712 2.58412189 2.432963   2.51660049 2.37532051 2.48643341 2.49237678 2.50440117 2.48402862 2.49631257 2.52313083 2.34207239 2.52557526 2.5822468  2.42391374 2.58732419 2.48107032 2.52535567 2.49119452 2.56329757 2.44906141 2.47513221 2.53721844 2.43042842 2.53330324 2.4489341  2.50298379 2.47293171 2.43746914 2.52228441 2.49414215 2.48315934 2.55318951 2.62248554 2.38876423 2.61609726 2.58308014 2.44141126 2.53129692 2.50475813 2.43279534 2.54677069 2.63235185 2.40974706 2.5035818  2.49528166 2.49371541 2.47117183 2.54052923 2.48122298 2.54635524 2.55137091 2.50617771 2.48038385 2.54243475 2.49495721 2.46389636 2.56517497 2.58335832 2.56082581 2.3921021  2.56161516 2.43103862 2.49429089 2.54398977 2.43633958 2.38487119 2.4887399  2.44046316 2.52698709 2.42419648 2.40782006 2.5186666  2.51704187 2.44588593 2.38817025 2.43223125 2.62285966 2.41242173 2.49243418 2.41542421 2.51126343 2.39309938 2.57735531 2.47312808 2.52694783 2.39262178 2.48557966 2.45934782 2.50208846 2.57059382 2.57513484 2.46492569 2.44884253 2.39880204 2.55265193 2.42079844 2.48095898]

1st HVL mm Cu- mean value: 0.0866388192471637, std deviation mm Cu: 0.0031158669711127446, ur%: [3.64998618 3.61727302 3.47314204 3.76946132 3.46227712 3.64214152 3.3665248  3.58787336 3.56881353 3.6411213  3.57605474 3.60168143 3.67076597 3.32240188 3.61160395 3.77656164 3.47248703 3.80993738 3.58107118 3.65089782 3.62885044 3.77141346 3.51924602 3.59246219 3.69430735 3.45750434 3.72094031 3.47893808 3.64994565 3.54176461 3.51463267 3.63206272 3.57666334 3.61499653 3.75836131 3.86598314 3.39657677 3.85614489 3.79414337 3.47221203 3.67767163 3.64580647 3.49329415 3.70123748 3.87456487 3.42559824 3.59530947 3.61982495 3.63674302 3.59041263 3.74616135 3.5861912  3.72303154 3.74361179 3.62969205 3.55385716 3.74268608 3.60903734 3.50747872 3.73694865 3.77299704 3.7208777  3.39948993 3.76400438 3.45958885 3.62691709 3.70891762 3.46727026 3.37560585 3.57226589 3.48392282 3.65679901 3.46902873 3.43451547 3.67659481 3.6633256  3.50563551 3.38095821 3.47319303 3.85517998 3.42295022 3.60582442 3.42456074 3.63372288 3.39989182 3.76094927 3.54429164 3.64159225 3.39072035 3.57713866 3.53473033 3.63298912 3.74570447 3.79746985 3.57266187 3.54672473 3.40842476 3.73501255 3.42668008 3.60551079]

2nd HVL mm Cu- mean value: 0.12147821796281857, std deviation mm Cu: 0.0037916642538467285, ur%: [3.12378692 3.14956106 3.03875027 3.27293125 3.03537479 3.16472756 2.94011787 3.11583583 3.13154498 3.14086325 3.11356471 3.13271754 3.17195847 2.88270836 3.18871644 3.26800178 3.01498721 3.27159818 3.106537   3.18038266 3.11707961 3.23168291 3.05561332 3.09248148 3.19526224 3.03133573 3.18224799 3.06381663 3.13619431 3.09840449 3.03338054 3.17799352 3.13350666 3.10399295 3.21423893 3.32999199 2.96065898 3.31922943 3.26622113 3.05005676 3.18677806 3.14061053 3.02839604 3.2126772  3.34754023 2.99658366 3.14840565 3.12702122 3.12054804 3.08504865 3.19172591 3.10585257 3.20757696 3.21352495 3.1466194  3.11077485 3.19607509 3.12845839 3.08758957 3.2420888  3.2708069  3.23653738 2.96673145 3.22973857 3.03211612 3.12355433 3.2057529  3.04102139 2.95749622 3.12361446 3.04573848 3.18238596 3.01630363 2.99078375 3.16206532 3.16138478 3.05199803 2.96292251 3.03148882 3.3326015  3.00252236 3.12409304 3.00831329 3.15589073 2.96866675 3.26134569 3.09827907 3.18530864 2.96975567 3.11637547 3.07280652 3.13784847 3.25098875 3.24998614 3.07625153 3.04939068 2.97836641 3.21769213 3.01849671 3.1014297 ]

Quality: H-60
angle: 60 deg
Mean value of conversion coeff: [1.16124697]
Std deviation: 0.00447650157449934
ur%(hK): 0.3094894381789631
Mean E keV: 37.85683342867798, std dev keV: 0.34742356259935575, ur%: 0.9177301193294453
Kerma Medio - Valor medio: 3.5634504412743566, Desviación estándar: 0.06803369733496523, ur%: 1.909208461185589

1st HVL mm Al- mean value: 2.6496137771793644, std deviation mm Al: 0.0838289954864925, ur%: [3.20820424 3.17828713 3.06715017 3.29525958 3.05827444 3.19782749 2.98671612 3.1566251  3.13910728 3.19910204 3.1468082  3.16664388 3.22128599 2.95507228 3.16989089 3.30160565 3.06887265 3.32941622 3.15176893 3.20372651 3.19099298 3.30058059 3.10435181 3.1626254  3.23891074 3.05462153 3.2626037  3.06962901 3.20704543 3.11941727 3.10259036 3.1881344  3.14549751 3.18048596 3.29121634 3.37137535 3.01006787 3.36412051 3.31660957 3.06534336 3.22570412 3.20309617 3.08513172 3.24322015 3.37714211 3.03108667 3.15984929 3.18245129 3.1972993  3.16158791 3.28293508 3.15609937 3.26206185 3.27881473 3.18898174 3.12843626 3.27964783 3.17329753 3.09150037 3.27055696 3.29838129 3.25759362 3.01195792 3.29455412 3.05630477 3.18881057 3.25026815 3.06197648 2.99263084 3.14275218 3.0755815  3.20854631 3.06582548 3.03917694 3.22704893 3.21598281 3.09328824 2.99664832 3.06790515 3.36213824 3.02830695 3.17099551 3.02903868 3.19151025 3.0121031  3.28907461 3.12154973 3.19549448 3.00422225 3.14748834 3.11585844 3.19255921 3.27716831 3.3208811  3.14742728 3.12817365 3.01831412 3.27121592 3.02995774 3.1727854 ]

2nd HVL mm Al- mean value: 3.437315318726917, std deviation mm Al: 0.08560438513422099, ur%: [2.49670374 2.50643436 2.43582712 2.58412189 2.432963   2.51660049 2.37532051 2.48643341 2.49237678 2.50440117 2.48402862 2.49631257 2.52313083 2.34207239 2.52557526 2.5822468  2.42391374 2.58732419 2.48107032 2.52535567 2.49119452 2.56329757 2.44906141 2.47513221 2.53721844 2.43042842 2.53330324 2.4489341  2.50298379 2.47293171 2.43746914 2.52228441 2.49414215 2.48315934 2.55318951 2.62248554 2.38876423 2.61609726 2.58308014 2.44141126 2.53129692 2.50475813 2.43279534 2.54677069 2.63235185 2.40974706 2.5035818  2.49528166 2.49371541 2.47117183 2.54052923 2.48122298 2.54635524 2.55137091 2.50617771 2.48038385 2.54243475 2.49495721 2.46389636 2.56517497 2.58335832 2.56082581 2.3921021  2.56161516 2.43103862 2.49429089 2.54398977 2.43633958 2.38487119 2.4887399  2.44046316 2.52698709 2.42419648 2.40782006 2.5186666  2.51704187 2.44588593 2.38817025 2.43223125 2.62285966 2.41242173 2.49243418 2.41542421 2.51126343 2.39309938 2.57735531 2.47312808 2.52694783 2.39262178 2.48557966 2.45934782 2.50208846 2.57059382 2.57513484 2.46492569 2.44884253 2.39880204 2.55265193 2.42079844 2.48095898]

1st HVL mm Cu- mean value: 0.0866388192471637, std deviation mm Cu: 0.0031158669711127446, ur%: [3.64998618 3.61727302 3.47314204 3.76946132 3.46227712 3.64214152 3.3665248  3.58787336 3.56881353 3.6411213  3.57605474 3.60168143 3.67076597 3.32240188 3.61160395 3.77656164 3.47248703 3.80993738 3.58107118 3.65089782 3.62885044 3.77141346 3.51924602 3.59246219 3.69430735 3.45750434 3.72094031 3.47893808 3.64994565 3.54176461 3.51463267 3.63206272 3.57666334 3.61499653 3.75836131 3.86598314 3.39657677 3.85614489 3.79414337 3.47221203 3.67767163 3.64580647 3.49329415 3.70123748 3.87456487 3.42559824 3.59530947 3.61982495 3.63674302 3.59041263 3.74616135 3.5861912  3.72303154 3.74361179 3.62969205 3.55385716 3.74268608 3.60903734 3.50747872 3.73694865 3.77299704 3.7208777  3.39948993 3.76400438 3.45958885 3.62691709 3.70891762 3.46727026 3.37560585 3.57226589 3.48392282 3.65679901 3.46902873 3.43451547 3.67659481 3.6633256  3.50563551 3.38095821 3.47319303 3.85517998 3.42295022 3.60582442 3.42456074 3.63372288 3.39989182 3.76094927 3.54429164 3.64159225 3.39072035 3.57713866 3.53473033 3.63298912 3.74570447 3.79746985 3.57266187 3.54672473 3.40842476 3.73501255 3.42668008 3.60551079]

2nd HVL mm Cu- mean value: 0.12147821796281857, std deviation mm Cu: 0.0037916642538467285, ur%: [3.12378692 3.14956106 3.03875027 3.27293125 3.03537479 3.16472756 2.94011787 3.11583583 3.13154498 3.14086325 3.11356471 3.13271754 3.17195847 2.88270836 3.18871644 3.26800178 3.01498721 3.27159818 3.106537   3.18038266 3.11707961 3.23168291 3.05561332 3.09248148 3.19526224 3.03133573 3.18224799 3.06381663 3.13619431 3.09840449 3.03338054 3.17799352 3.13350666 3.10399295 3.21423893 3.32999199 2.96065898 3.31922943 3.26622113 3.05005676 3.18677806 3.14061053 3.02839604 3.2126772  3.34754023 2.99658366 3.14840565 3.12702122 3.12054804 3.08504865 3.19172591 3.10585257 3.20757696 3.21352495 3.1466194  3.11077485 3.19607509 3.12845839 3.08758957 3.2420888  3.2708069  3.23653738 2.96673145 3.22973857 3.03211612 3.12355433 3.2057529  3.04102139 2.95749622 3.12361446 3.04573848 3.18238596 3.01630363 2.99078375 3.16206532 3.16138478 3.05199803 2.96292251 3.03148882 3.3326015  3.00252236 3.12409304 3.00831329 3.15589073 2.96866675 3.26134569 3.09827907 3.18530864 2.96975567 3.11637547 3.07280652 3.13784847 3.25098875 3.24998614 3.07625153 3.04939068 2.97836641 3.21769213 3.01849671 3.1014297 ]

Quality: H-60
angle: 75 deg
Mean value of conversion coeff: [1.09798248]
Std deviation: 0.003592575747026613
ur%(hK): 0.3273095667304058
Mean E keV: 37.85683342867798, std dev keV: 0.34742356259935575, ur%: 0.9177301193294453
Kerma Medio - Valor medio: 3.5634504412743566, Desviación estándar: 0.06803369733496523, ur%: 1.909208461185589

1st HVL mm Al- mean value: 2.6496137771793644, std deviation mm Al: 0.0838289954864925, ur%: [3.20820424 3.17828713 3.06715017 3.29525958 3.05827444 3.19782749 2.98671612 3.1566251  3.13910728 3.19910204 3.1468082  3.16664388 3.22128599 2.95507228 3.16989089 3.30160565 3.06887265 3.32941622 3.15176893 3.20372651 3.19099298 3.30058059 3.10435181 3.1626254  3.23891074 3.05462153 3.2626037  3.06962901 3.20704543 3.11941727 3.10259036 3.1881344  3.14549751 3.18048596 3.29121634 3.37137535 3.01006787 3.36412051 3.31660957 3.06534336 3.22570412 3.20309617 3.08513172 3.24322015 3.37714211 3.03108667 3.15984929 3.18245129 3.1972993  3.16158791 3.28293508 3.15609937 3.26206185 3.27881473 3.18898174 3.12843626 3.27964783 3.17329753 3.09150037 3.27055696 3.29838129 3.25759362 3.01195792 3.29455412 3.05630477 3.18881057 3.25026815 3.06197648 2.99263084 3.14275218 3.0755815  3.20854631 3.06582548 3.03917694 3.22704893 3.21598281 3.09328824 2.99664832 3.06790515 3.36213824 3.02830695 3.17099551 3.02903868 3.19151025 3.0121031  3.28907461 3.12154973 3.19549448 3.00422225 3.14748834 3.11585844 3.19255921 3.27716831 3.3208811  3.14742728 3.12817365 3.01831412 3.27121592 3.02995774 3.1727854 ]

2nd HVL mm Al- mean value: 3.437315318726917, std deviation mm Al: 0.08560438513422099, ur%: [2.49670374 2.50643436 2.43582712 2.58412189 2.432963   2.51660049 2.37532051 2.48643341 2.49237678 2.50440117 2.48402862 2.49631257 2.52313083 2.34207239 2.52557526 2.5822468  2.42391374 2.58732419 2.48107032 2.52535567 2.49119452 2.56329757 2.44906141 2.47513221 2.53721844 2.43042842 2.53330324 2.4489341  2.50298379 2.47293171 2.43746914 2.52228441 2.49414215 2.48315934 2.55318951 2.62248554 2.38876423 2.61609726 2.58308014 2.44141126 2.53129692 2.50475813 2.43279534 2.54677069 2.63235185 2.40974706 2.5035818  2.49528166 2.49371541 2.47117183 2.54052923 2.48122298 2.54635524 2.55137091 2.50617771 2.48038385 2.54243475 2.49495721 2.46389636 2.56517497 2.58335832 2.56082581 2.3921021  2.56161516 2.43103862 2.49429089 2.54398977 2.43633958 2.38487119 2.4887399  2.44046316 2.52698709 2.42419648 2.40782006 2.5186666  2.51704187 2.44588593 2.38817025 2.43223125 2.62285966 2.41242173 2.49243418 2.41542421 2.51126343 2.39309938 2.57735531 2.47312808 2.52694783 2.39262178 2.48557966 2.45934782 2.50208846 2.57059382 2.57513484 2.46492569 2.44884253 2.39880204 2.55265193 2.42079844 2.48095898]

1st HVL mm Cu- mean value: 0.0866388192471637, std deviation mm Cu: 0.0031158669711127446, ur%: [3.64998618 3.61727302 3.47314204 3.76946132 3.46227712 3.64214152 3.3665248  3.58787336 3.56881353 3.6411213  3.57605474 3.60168143 3.67076597 3.32240188 3.61160395 3.77656164 3.47248703 3.80993738 3.58107118 3.65089782 3.62885044 3.77141346 3.51924602 3.59246219 3.69430735 3.45750434 3.72094031 3.47893808 3.64994565 3.54176461 3.51463267 3.63206272 3.57666334 3.61499653 3.75836131 3.86598314 3.39657677 3.85614489 3.79414337 3.47221203 3.67767163 3.64580647 3.49329415 3.70123748 3.87456487 3.42559824 3.59530947 3.61982495 3.63674302 3.59041263 3.74616135 3.5861912  3.72303154 3.74361179 3.62969205 3.55385716 3.74268608 3.60903734 3.50747872 3.73694865 3.77299704 3.7208777  3.39948993 3.76400438 3.45958885 3.62691709 3.70891762 3.46727026 3.37560585 3.57226589 3.48392282 3.65679901 3.46902873 3.43451547 3.67659481 3.6633256  3.50563551 3.38095821 3.47319303 3.85517998 3.42295022 3.60582442 3.42456074 3.63372288 3.39989182 3.76094927 3.54429164 3.64159225 3.39072035 3.57713866 3.53473033 3.63298912 3.74570447 3.79746985 3.57266187 3.54672473 3.40842476 3.73501255 3.42668008 3.60551079]

2nd HVL mm Cu- mean value: 0.12147821796281857, std deviation mm Cu: 0.0037916642538467285, ur%: [3.12378692 3.14956106 3.03875027 3.27293125 3.03537479 3.16472756 2.94011787 3.11583583 3.13154498 3.14086325 3.11356471 3.13271754 3.17195847 2.88270836 3.18871644 3.26800178 3.01498721 3.27159818 3.106537   3.18038266 3.11707961 3.23168291 3.05561332 3.09248148 3.19526224 3.03133573 3.18224799 3.06381663 3.13619431 3.09840449 3.03338054 3.17799352 3.13350666 3.10399295 3.21423893 3.32999199 2.96065898 3.31922943 3.26622113 3.05005676 3.18677806 3.14061053 3.02839604 3.2126772  3.34754023 2.99658366 3.14840565 3.12702122 3.12054804 3.08504865 3.19172591 3.10585257 3.20757696 3.21352495 3.1466194  3.11077485 3.19607509 3.12845839 3.08758957 3.2420888  3.2708069  3.23653738 2.96673145 3.22973857 3.03211612 3.12355433 3.2057529  3.04102139 2.95749622 3.12361446 3.04573848 3.18238596 3.01630363 2.99078375 3.16206532 3.16138478 3.05199803 2.96292251 3.03148882 3.3326015  3.00252236 3.12409304 3.00831329 3.15589073 2.96866675 3.26134569 3.09827907 3.18530864 2.96975567 3.11637547 3.07280652 3.13784847 3.25098875 3.24998614 3.07625153 3.04939068 2.97836641 3.21769213 3.01849671 3.1014297 ]

